Blog	how	to	for	the	of	is	online	that	and	also	has	in	he	s	a	post	first	on	my	at	me	i	d	like	with	you	this	but	m	not	it	by	two	only	use	these	are	so	if	day	into	all	because	have	here	most	or	do	people	they	too	their	as	from	there	more	than	re	an	your	many	about	want	them	when	t	up	will	be	who	time	were	was	money	new	said	we	what	best	make	some	one	out	those	much	no	can	ve	been	had	even	just	now	live	while	us	would	his	read	which	don	its	today	get	where	our	know	down	back	years	over	world	big	since	last	week	should	she	her	life	year	after	still
Guy Kawasaki	10	26	8	38	14	7	2	6	19	2	1	9	1	11	29	12	10	12	3	3	1	8	1	3	3	6	4	1	4	2	8	2	3	2	1	1	8	3	3	3	1	2	3	2	1	2	3	6	2	4	2	3	1	3	6	1	2	1	2	3	1	2	1	1	2	3	1	1	1	2	1	3	1	2	0	0	0	0	0	0	0	0	0	0	0	0	0	0	0	0	0	0	0	0	0	0	0	0	0	0	0	0	0	0	0	0	0	0	0	0	0	0	0	0	0	0	0	0	0	0	0	0	0
Google Blogoscoped	5	36	16	71	34	10	1	13	40	2	1	23	2	15	43	2	2	17	7	7	4	18	2	6	6	36	7	10	2	5	14	4	3	2	3	1	6	7	8	3	3	5	5	5	2	3	7	3	3	7	2	4	12	7	5	4	1	5	5	8	0	9	2	4	4	11	3	1	4	5	4	1	6	0	8	2	12	6	4	3	3	13	2	3	4	6	10	4	4	3	4	6	4	1	1	1	11	1	2	5	4	1	1	5	1	3	2	1	3	1	1	1	0	0	0	0	0	0	0	0	0	0	0
NewsBusters	6	80	39	193	82	31	0	27	50	0	10	62	14	78	65	0	7	61	0	14	1	2	2	2	21	8	16	9	2	12	31	11	5	5	4	3	8	4	6	4	4	4	8	8	0	6	5	3	4	5	3	6	13	7	0	6	6	2	10	0	3	16	2	1	10	11	10	4	8	10	8	6	9	2	17	2	7	2	0	1	4	9	8	0	2	6	2	0	5	7	6	4	1	4	5	1	3	14	1	6	2	3	2	2	2	0	1	4	5	2	12	2	3	4	4	7	3	9	14	3	3	6	1
Seth Godin's Blog on marketing, tribes and respect	3	22	3	16	5	9	0	6	8	0	2	7	0	7	15	0	0	2	0	0	0	2	1	1	4	13	0	3	0	0	12	0	0	0	1	0	1	0	3	0	0	2	4	1	0	0	4	4	2	3	2	0	4	0	1	2	1	1	1	3	0	9	2	3	2	7	4	1	4	4	3	0	1	0	0	0	4	11	2	0	0	0	1	0	0	0	7	0	0	0	1	0	0	0	0	1	0	0	0	1	3	0	0	4	0	1	0	1	0	0	1	0	0	0	0	0	0	0	0	0	0	0	0
Slashdot	4	90	24	155	83	25	3	41	69	7	18	53	6	40	74	2	5	25	0	30	0	1	2	1	22	8	26	14	2	6	25	14	2	2	4	6	14	3	2	2	11	4	3	13	0	2	12	3	6	11	3	13	26	27	2	23	8	3	12	5	3	4	1	8	5	7	6	20	12	8	2	9	15	4	10	11	3	6	0	0	3	3	5	6	2	2	3	0	9	11	6	1	2	1	2	1	5	1	15	4	3	11	5	3	2	3	2	1	2	5	7	3	3	0	9	0	4	8	5	2	6	5	5
ThinkProgress	1	20	8	35	19	5	0	12	8	0	4	12	3	11	14	0	1	10	0	1	0	0	2	1	10	0	0	0	0	2	2	0	1	0	1	0	0	0	0	2	2	1	0	2	0	1	0	1	2	1	0	4	4	4	1	3	1	0	6	0	1	1	0	2	0	3	0	2	0	1	0	1	1	0	4	3	1	1	0	2	0	3	0	0	0	2	0	0	1	1	2	0	1	0	2	0	3	8	0	1	0	2	0	0	1	0	0	0	1	0	5	2	0	0	2	1	0	1	0	0	0	2	0
Autoblog	1	78	69	189	104	49	0	32	48	2	14	63	1	65	84	0	9	108	0	20	1	2	2	10	23	6	46	10	8	7	25	5	6	0	39	5	4	3	1	1	6	17	1	13	3	2	1	0	0	4	4	5	11	7	5	13	11	2	12	4	1	8	0	5	5	9	8	22	16	0	8	0	9	1	19	3	18	7	9	0	3	19	3	2	3	3	4	3	7	1	2	6	9	3	3	4	4	4	1	2	5	16	3	7	0	40	2	3	1	6	3	10	2	4	8	2	2	0	0	0	9	8	3
blog maverick	1	17	6	37	15	12	0	10	11	0	1	11	1	2	21	0	0	12	4	1	2	11	0	2	2	5	5	2	1	5	8	4	0	0	1	0	6	0	2	2	2	2	0	6	0	1	4	3	1	0	0	1	1	3	4	2	4	0	1	1	0	2	0	1	3	4	1	1	2	1	2	2	3	3	1	1	8	2	0	0	3	3	2	0	0	3	1	0	2	1	2	0	1	2	1	3	1	0	0	1	2	0	0	1	0	3	1	0	2	0	0	0	0	0	0	2	1	0	0	0	2	0	0
Captain's Quarters	1	22	8	50	20	0	0	9	12	2	7	14	6	4	20	1	2	14	2	5	2	3	0	0	4	2	1	1	0	3	2	4	0	1	1	0	0	0	1	2	2	0	0	2	0	0	0	0	0	2	1	6	4	3	0	3	2	0	1	0	0	3	0	0	2	1	1	5	4	1	1	0	1	1	0	0	1	0	1	0	1	2	4	0	0	1	1	0	2	3	1	0	0	0	1	3	1	6	0	0	0	3	2	0	0	0	0	2	2	2	1	1	1	1	0	1	2	1	1	0	0	3	1
Copyblogger	9	30	9	25	11	8	1	17	23	0	4	5	1	13	22	14	10	10	4	4	5	13	0	1	4	11	5	8	0	5	13	1	0	2	0	0	0	1	2	0	4	3	0	1	1	0	1	2	1	1	2	2	1	0	3	14	1	3	3	15	0	8	2	0	4	4	0	0	4	0	6	1	3	0	1	0	3	3	1	5	1	4	1	0	0	0	3	1	3	6	2	2	3	0	0	0	1	0	10	0	1	0	0	3	0	3	3	0	3	2	1	1	0	0	0	2	1	0	0	0	0	1	2
Deadspin	0	25	21	65	31	10	0	7	32	1	3	27	6	13	50	0	9	15	3	6	2	11	0	3	11	8	14	7	0	2	8	5	4	1	1	1	3	6	0	2	4	1	6	3	0	3	2	1	0	6	1	5	7	7	0	27	2	3	7	7	1	6	0	1	1	5	7	3	1	6	5	3	8	0	2	1	3	2	2	2	1	6	3	1	1	1	2	1	4	5	1	5	0	1	1	0	2	7	24	4	1	0	6	3	3	2	1	0	0	1	4	2	2	1	3	0	0	5	5	0	1	5	0
Engadget RSS Feed	4	37	13	53	19	16	1	19	28	0	13	9	0	37	32	0	2	17	0	4	0	1	4	2	11	11	4	5	0	3	20	3	1	3	1	2	5	1	2	2	2	4	0	8	0	1	2	2	2	2	1	3	6	7	0	7	2	2	4	3	1	3	2	0	1	3	5	7	2	0	3	1	1	0	7	0	4	3	1	1	1	3	7	2	2	3	2	1	5	2	1	2	6	0	1	5	0	0	0	3	0	10	3	3	1	1	3	3	0	1	0	1	1	2	3	1	0	1	1	0	2	2	2
Gothamist	4	56	26	131	57	12	0	20	79	6	8	47	11	39	59	1	3	39	2	14	1	5	0	4	19	11	12	6	0	1	14	5	4	2	2	1	8	5	2	3	3	4	5	4	4	5	3	5	12	3	2	5	15	11	3	47	7	2	8	5	2	5	0	2	7	5	10	2	3	12	5	7	21	2	22	1	9	2	5	3	7	8	5	1	2	1	6	1	1	5	0	7	5	1	1	4	1	11	0	4	1	3	3	7	1	4	0	8	2	3	8	1	0	2	11	3	1	2	4	2	17	9	3
The Full Feed from HuffingtonPost.com	0	4	2	12	5	4	0	1	19	0	2	5	1	6	53	0	1	17	0	1	0	37	12	0	1	0	3	1	24	1	0	1	0	0	0	0	1	1	37	0	0	0	0	0	0	1	0	0	1	1	1	0	2	3	0	30	1	0	1	0	0	1	0	1	0	24	3	0	1	1	0	0	0	0	2	0	1	0	0	0	0	2	0	0	0	3	1	1	0	0	0	0	1	1	0	0	0	3	16	0	0	1	0	0	0	1	0	1	0	0	0	1	0	0	0	2	0	0	2	0	1	0	0
Joel on Software	0	10	6	13	7	3	0	4	2	0	1	3	0	5	13	0	1	4	1	1	0	6	0	0	1	3	0	1	2	2	3	0	0	0	0	0	3	0	1	0	0	1	0	2	1	1	0	2	0	0	1	0	0	1	1	12	1	2	0	1	0	0	2	0	0	0	2	0	1	0	2	0	4	0	7	0	4	2	0	0	2	2	0	0	0	0	0	1	1	1	0	0	1	0	0	0	0	0	10	0	0	0	1	0	1	0	1	0	0	2	0	0	0	2	2	1	0	0	0	0	1	1	0
Kotaku	0	32	12	64	31	19	3	19	17	2	5	18	0	19	57	0	2	15	0	9	0	6	1	4	4	21	9	7	0	3	23	2	3	2	2	3	3	1	5	0	1	1	0	5	1	2	4	2	1	1	1	3	8	3	1	27	2	2	4	8	0	5	1	1	2	6	2	4	6	1	2	3	7	1	3	0	2	1	3	0	1	7	4	0	1	0	6	2	2	1	3	4	6	1	2	1	3	0	23	2	1	0	6	3	3	2	0	1	1	1	6	2	1	0	1	1	0	0	0	1	1	1	1
kottke.org	23	277	89	639	354	118	4	128	294	29	29	224	68	139	353	4	17	88	31	46	28	191	15	33	88	92	82	66	15	49	110	65	16	24	2	11	34	27	25	11	27	25	11	41	14	14	49	24	24	43	5	28	78	61	20	46	25	14	52	19	20	49	9	20	39	53	26	25	43	29	34	14	75	4	24	17	41	34	6	15	25	46	36	10	15	16	32	13	16	20	18	22	13	5	11	8	18	47	15	27	15	16	3	9	9	8	17	6	14	19	11	15	3	9	10	6	8	24	27	17	9	14	11
Lifehack	7	16	4	29	8	7	0	7	12	0	2	1	0	2	14	10	10	11	0	0	0	5	0	0	3	16	2	2	0	3	5	3	0	0	0	0	4	1	2	0	0	1	0	4	0	1	1	1	1	2	0	1	1	0	2	1	0	2	0	9	2	5	0	0	2	4	0	0	5	0	4	0	0	0	0	0	0	3	1	4	0	3	0	0	0	2	4	1	1	1	0	1	1	0	0	1	1	0	0	0	1	0	0	3	0	0	2	0	0	0	0	0	0	0	1	0	1	1	1	3	0	0	0
Lifehacker	7	42	13	38	30	12	0	12	23	1	1	7	0	16	53	0	1	10	2	7	1	6	0	4	6	35	13	7	1	0	17	0	2	0	4	4	7	5	5	3	3	5	0	8	1	4	8	4	2	3	4	1	2	4	4	30	2	6	8	20	1	8	2	1	3	9	4	3	4	3	4	1	0	1	2	0	4	6	5	2	7	5	4	1	3	2	6	2	4	1	1	3	4	0	0	0	0	0	28	2	1	1	2	3	2	3	3	0	2	1	1	2	0	0	0	3	2	1	1	0	1	2	1
Matt Cutts: Gadgets, Google, and SEO	0	14	6	27	17	0	0	15	11	2	3	4	4	7	21	0	0	5	6	2	1	22	1	2	8	9	4	4	0	1	5	0	0	0	0	1	2	2	1	0	0	0	1	1	1	0	1	1	4	2	1	2	3	4	0	2	0	2	2	2	1	9	0	2	1	4	0	0	0	1	2	0	5	4	0	0	1	1	1	2	4	3	1	0	0	0	2	4	2	0	0	3	1	0	2	6	1	0	1	0	0	0	1	3	0	0	1	0	0	2	2	2	0	0	4	2	0	0	2	0	4	1	1
mezzoblue	2	9	2	18	10	3	0	6	4	1	1	2	0	6	19	0	1	6	3	0	2	12	1	0	5	6	4	4	1	2	6	0	0	0	1	1	0	1	2	0	1	1	0	1	1	1	1	0	0	0	1	0	4	2	0	0	0	1	1	0	0	1	0	2	2	4	0	1	1	0	0	0	1	0	3	0	0	1	0	2	1	2	2	0	1	1	1	6	3	0	0	1	1	0	1	0	0	0	0	1	0	1	2	0	1	1	0	0	1	3	4	0	0	0	0	0	2	0	0	0	0	0	1
plasticbag.org	1	15	10	25	18	0	1	3	15	0	1	8	1	7	13	1	0	11	3	6	1	16	1	2	6	3	3	1	0	0	11	1	0	0	0	2	4	1	1	1	1	6	0	3	1	2	1	1	4	1	1	0	5	2	2	10	0	2	0	1	2	4	0	3	0	5	2	2	5	1	3	0	3	0	2	0	4	0	0	0	6	2	1	0	1	0	1	3	2	1	0	0	1	0	1	2	0	1	6	3	1	1	0	5	0	0	2	0	0	2	2	0	0	0	3	0	2	0	0	1	1	0	0
Derek Powazek	7	52	33	97	39	17	2	19	70	2	5	35	5	43	62	3	3	14	22	7	15	69	2	9	17	19	9	14	12	6	39	5	9	1	0	2	11	7	9	2	4	10	3	3	6	2	5	7	2	6	2	4	10	5	7	6	2	7	5	6	1	9	1	2	11	10	11	5	7	1	4	2	13	3	5	3	7	9	1	1	3	13	9	1	1	2	8	11	8	3	1	11	10	2	1	4	0	3	0	2	4	1	2	6	0	3	6	2	2	5	5	3	1	1	7	3	1	7	9	5	4	4	4
ProBlogger	27	80	16	51	31	10	2	2	24	0	2	21	0	20	34	22	25	39	7	5	0	28	1	4	9	35	6	3	3	0	7	5	2	1	5	1	9	3	5	3	0	1	0	3	3	1	5	3	2	2	2	6	4	7	4	32	2	5	5	41	6	10	16	2	8	3	2	1	2	4	0	2	1	1	5	1	6	4	4	3	3	6	6	1	2	0	6	7	1	0	0	3	0	0	4	1	0	0	0	3	1	0	14	4	5	5	2	1	1	0	0	7	0	0	2	1	6	3	6	0	2	3	0
Schneier on Security	4	12	2	30	18	14	2	6	18	1	2	12	0	7	14	1	1	4	1	3	0	3	0	1	6	2	7	1	0	1	5	2	2	0	2	0	2	3	1	1	0	2	0	0	1	0	0	2	1	2	0	1	4	0	0	0	0	2	3	0	0	4	0	3	3	4	0	0	0	1	0	0	0	0	1	1	3	0	0	0	0	1	2	2	0	0	6	0	0	0	2	0	0	2	0	0	0	1	1	1	0	1	0	1	0	2	0	0	0	1	0	0	0	0	1	1	0	0	0	0	1	0	1
Search Engine Roundtable	1	5	2	17	7	10	0	8	11	0	0	12	2	2	9	0	0	5	0	3	0	2	0	1	2	5	5	3	0	3	2	1	0	0	0	0	2	0	1	0	1	2	0	2	6	0	0	1	0	1	0	0	3	0	1	1	0	0	2	1	3	2	0	0	2	1	2	0	3	0	0	0	1	0	4	3	2	3	0	0	2	2	1	2	0	0	2	0	1	0	1	1	0	2	0	0	0	0	0	0	1	0	3	0	0	0	1	0	0	3	2	0	1	0	1	0	0	0	0	0	0	0	0
ShoeMoney	9	35	11	58	26	19	2	4	14	0	0	15	2	27	28	1	1	8	0	4	1	1	0	2	13	24	3	11	0	6	16	0	0	3	0	6	16	3	2	0	3	3	0	7	11	5	8	3	5	3	0	4	4	5	0	4	3	4	2	4	2	7	2	0	1	9	4	3	1	0	2	0	1	5	6	0	5	13	3	1	2	4	4	1	0	0	4	1	1	0	1	5	4	0	1	1	0	1	1	1	4	1	2	5	0	1	6	1	0	3	0	3	5	0	0	0	1	4	2	2	0	1	5
Steve Pavlina	7	42	22	65	29	21	4	14	23	0	1	25	3	12	28	20	23	30	17	3	3	42	3	4	4	14	16	1	6	1	11	0	1	1	2	0	8	5	7	2	8	0	1	4	1	1	9	5	4	2	0	0	3	7	1	3	3	1	7	9	2	8	3	2	4	4	4	0	2	1	8	0	4	0	6	0	12	3	0	0	4	4	0	1	0	0	5	6	5	0	1	4	3	1	0	0	0	3	0	3	2	0	4	4	2	7	3	0	0	1	1	0	9	2	5	1	0	0	0	9	6	2	0
ongoing by Tim Bray	1	26	12	55	46	21	0	16	53	0	3	27	6	35	54	2	3	19	9	2	2	47	0	5	10	7	13	11	4	4	35	19	1	0	1	0	0	8	2	2	0	3	0	8	2	1	4	0	0	0	0	2	3	8	2	3	1	5	4	2	1	3	1	2	9	6	4	1	6	1	5	4	18	0	1	3	3	8	1	0	6	9	2	3	0	7	4	3	3	3	1	3	1	4	1	1	0	7	2	4	2	3	0	1	3	0	1	2	4	5	2	0	4	2	2	1	0	1	4	1	3	0	5
Techdirt.	33	578	139	1042	487	211	9	346	380	25	78	277	41	229	323	15	19	121	18	76	9	56	6	25	118	48	149	62	2	99	209	77	14	36	16	36	82	41	56	2	21	58	15	70	9	15	94	35	36	51	8	51	138	87	54	53	45	12	86	22	29	67	10	29	19	75	36	39	115	23	20	39	108	9	19	17	51	38	4	16	35	38	54	33	22	41	45	13	29	32	31	17	37	2	35	24	39	49	3	51	11	61	7	13	14	17	12	28	19	20	31	7	4	8	5	12	28	11	10	3	14	22	18
TMZ.com	1	22	18	39	16	9	0	4	25	1	9	13	8	19	19	0	2	13	0	5	0	0	1	0	2	3	0	4	0	1	6	7	0	0	0	0	2	0	2	0	0	1	2	0	0	1	0	1	0	4	2	2	3	6	0	2	1	0	4	0	0	3	1	0	1	6	2	3	1	6	0	3	9	1	3	1	5	1	2	0	2	2	8	0	1	2	0	0	2	2	0	4	2	2	2	1	0	9	0	1	1	0	0	3	1	0	0	1	5	2	4	1	1	1	0	0	0	5	16	0	0	5	0
Wired	8	27	4	44	18	4	0	4	14	2	1	10	0	17	22	0	1	7	0	3	0	0	1	2	3	4	3	4	0	1	4	3	1	2	1	2	6	1	0	0	3	1	0	3	0	2	0	2	0	2	1	1	0	4	1	4	2	2	4	3	0	3	0	1	0	2	1	4	1	1	1	2	2	0	13	0	0	5	0	2	0	6	2	1	2	0	4	0	1	1	0	1	1	0	0	2	3	2	0	1	0	2	0	0	0	1	1	1	1	0	0	0	2	0	0	0	0	0	0	2	0	1	0
